image: my_keepout_map.pgm
resolution: 0.050000
origin: [-4.098217, -4.905049, 0.000000]
negate: 0
occupied_thresh: 0.65
free_thresh: 0.196
